10
10
56 94
81 98
84 97
13 99
51 33
61 13
21 71
69 2
49 84
57 70
10
3 43
19 78
77 64
65 73
47 74
0 95
33 30
85 10
67 49
87 14
10
86 0
42 79
61 18
22 58
4 9
17 19
31 23
96 43
61 92
62 39
10
28 86
9 94
42 66
10 85
26 42
66 17
16 12
63 36
51 30
82 71
10
53 35
38 40
22 8
75 0
2 21
78 5
59 36
22 70
72 59
98 13
10
45 2
48 77
85 87
45 9
46 74
79 91
82 29
78 93
69 16
17 6
10
66 2
56 22
67 82
19 93
78 18
80 38
78 24
82 91
28 89
34 28
10
97 83
2 16
44 82
93 34
0 83
78 54
63 29
27 90
12 78
31 50
10
93 96
45 46
32 17
63 18
97 81
60 54
18 59
1 18
88 5
90 24
10
21 32
80 74
98 57
20 48
15 16
29 8
86 53
92 94
44 23
16 71
